80
456.296
425.375
611.614
455.304
410.492
32.296
110.473
975.662
285.134
462.794
686.231
928.859
159.804
125.294
511.774
31.155
417.437
822.762
124.275
19.586
719.737
689.818
438.800
429.545
733.115
7.474
406.165
291.551
464.504
377.211
12.360
908.282
371.251
574.655
163.219
980.913
208.961
297.859
701.186
580.595
180.557
441.582
801.702
975.600
878.339
203.181
605.938
633.376
849.204
736.055
817
511
901
861
281
273
744
982
788
713
0.302
0.332
0.173
0.694
0.276
0.613
0.726
0.088
0.539
0.360
.607
.501
.419
.042
.617
.865
.045
.646
.938
.360
